- , 1101
ἰι

7159111111 17. 881.
' 11111111 17. 117.

’ Vfipling g. 199.

van-kam 17. 608.

Ylle g.473.475. 17. 1818. ete.

1111199 17. 118.
Ὑιιιθ 19987.

08711, 19111 1757.
, §kanna g. 111. “

ο81111111- 17. 571.
9111111811· 17. 710.

11111-17611,- 111111 17. 75.Κ ¹

81111141 17. 756.
7111111601 17. 949.
8111161 17. 551. ·
1111-11111 17. 118.
8111-11111 17. 568.
ο1111101111 17. 757.
§ker-rosor 17. 511.
1111-1111111 17. 760. . Ι
’1111111161 17. 784.
Mem-semp 17. 768.
Mer-silke 17. 784.
1111111111 171111. ,
Xker-vinda 17. 159.
1111-1141111 17. 161.

blandum, (16111101) 17. 955.
- 1111111111, 1111111111 171114.

11-11111 17. 198.
lan-&ja 17. 607.
1111151111 17. 669. , ·
11111111 17. 515.

‘Aha 1117111111 17. 144.

1111111111 17. 146.
111111ὲί1111 17. 1616.
⁸Alf-iixing 17.146.
11119151 17. 608.

1119101111Ι 17. 605.

. 1111950111 17. 60.
¹ 1111911110 17. 55. ’

11131181 17. 70.

Ι 8031111171 17. 67.

1131151101· 17.146.
1113111111 17. 751.
111ιὲ1111111 171689.
111111.. 17111.

’ 81181611 17. 180.

1111317111 17. 405.
11115-11111 17. 161.
1131915511 17. 684.

· 1111314151 17. 555.

Augs-nejlikor 17. 480.
8113111111 17. 659.

s 111111. 171111. ,

1111113 17. 150. ¹

0111611911 ...111

113011ιῇ1119τῦ 17. 460.
0901111811 17. 681.
(119111 171 560.
(11·1111101111111 17. 797.

(1111110111 1711461.
(110111160101 17. 146.

 

